Date	Open	High	Low	Close	Adj	Close
2024-11-01	77.76	82.5	77.53	82.5	82.5
2024-10-01	77.02	79.56	76.85	77.31	77.31
2024-09-01	73.34	77.77	71.46	77.63	77.63
2024-08-01	72.48	75.45	68.72	75.37	75.37
2024-07-01	73.94	76.39	71.86	73.72	73.72
2024-06-01	70.81	74.1	70.8	73.77	73.77
2024-05-01	67.85	71.94	67.85	70.74	70.74
2024-04-01	71.09	71.12	67	67.98	67.98
2024-03-01	69.87	71.35	68.75	71.08	71.08
2024-02-01	65.03	68.94	65.03	68.94	68.94
2024-01-01	62.33	65.56	61.53	64.26	64.26
2023-12-01	64.34	66.8	62.06	63.16	58.74
2023-11-01	58.25	63.83	58.25	63.83	59.37
2023-10-01	59.4	60.74	56.6	57.56	53.54
2023-09-01	62.35	62.39	58.75	59.41	55.26
2023-08-01	63.17	63.17	59.84	62.3	57.94
2023-07-01	61.02	63.41	60.16	63.41	58.98
2023-06-01	57.52	60.89	57.52	60.89	56.63
2023-05-01	55.37	57.19	54.3	56.9	52.92
2023-04-01	55.14	55.42	53.86	55.42	51.54
2023-03-01	53.19	55.02	51.51	55.02	51.17
2023-02-01	55.17	56.26	52.88	53.27	49.55
2023-01-01	49.25	54.4	49.25	54.34	50.54
2022-12-01	55.13	55.15	48.59	49.49	44.27
2022-11-01	52.48	55.05	50.45	55.05	49.25
2022-10-01	51.31	53.21	49.3	52.66	47.11
2022-09-01	54.96	57.62	50.37	50.37	45.06
2022-08-01	56.91	60.14	55.1	55.1	49.29
2022-07-01	52.22	57.04	51.66	57.04	51.03
2022-06-01	56.63	58.06	50.26	51.77	46.31
2022-05-01	59.13	60.99	53.52	57.16	51.14
2022-04-01	66.73	67.84	58.38	58.38	52.23
2022-03-01	63.31	68.08	59.05	66.35	59.36
2022-02-01	67.65	67.97	61.33	64.44	57.65
2022-01-01	75	75	63.09	66.88	59.83
2021-12-01	78.24	81.15	70.78	74.3	61.29
2021-11-01	82.84	84.05	79.93	79.93	65.93
2021-10-01	76.47	82.25	75.07	82.25	67.84
2021-09-01	78.74	79.21	75.68	75.68	62.42
2021-08-01	75.76	78.47	75.15	78.42	64.68
2021-07-01	75.15	76.27	73.13	75.7	62.44
2021-06-01	72.46	75.17	71.67	74.96	61.83
2021-05-01	72.63	72.63	68.94	72.5	59.8
2021-04-01	70.27	73.55	70.27	72.99	60.2
2021-03-01	70.35	70.35	66.2	69.21	57.09
2021-02-01	69.03	72.27	68.55	68.61	56.59
2021-01-01	66.75	70.65	66.75	67.54	55.71
2020-12-01	67.29	69.76	66.65	67.54	53.39
2020-11-01	59.71	66.86	59.71	66.49	52.56
2020-10-01	61.58	64.05	59.21	59.21	46.8
2020-09-01	63.72	64.28	58.28	60.73	48.01
2020-08-01	58.62	63.18	58.13	63.18	49.94
2020-07-01	55.48	58.7	55.48	58.09	45.92
2020-06-01	53.24	55.34	52.31	54.7	43.24
2020-05-01	48.35	52.78	48.35	52.78	41.72
2020-04-01	41.61	49.66	41.61	49.61	39.22
2020-03-01	50.62	51.26	38.56	43.41	34.31
2020-02-01	52.3	55.38	48.88	48.89	38.65
2020-01-01	51.67	53.13	51.41	51.59	40.78
2019-12-01	52.61	54.56	50.98	51.13	37.71
2019-11-01	51.28	53.36	51.28	53.15	39.2
2019-10-01	48.72	51.05	48.01	50.84	37.5
2019-09-01	48.91	50.56	48.91	49.25	36.32
2019-08-01	50.14	50.14	48.15	49.39	36.43
2019-07-01	50.77	51.61	50.59	50.59	37.31
2019-06-01	46.67	50.51	46.67	50.34	37.13
2019-05-01	50.11	50.51	47.27	47.27	34.86
2019-04-01	49.24	50.71	49.24	50.53	37.27
2019-03-01	48.09	49.22	46.86	48.65	35.88
2019-02-01	46.72	48.03	46.52	47.74	35.21
2019-01-01	42.81	46.77	41.76	46.77	34.49
2018-12-01	52.91	52.91	40.05	42.76	28.11
2018-11-01	52.11	53.57	49.57	52.19	34.31
2018-10-01	56.81	56.81	49.59	51.26	33.69
2018-09-01	56.04	56.8	55.13	56.69	37.26
2018-08-01	54.93	56.61	54.5	56.31	37.01
2018-07-01	54.08	56.28	53.78	55.03	36.17
2018-06-01	53.76	55.18	53.47	54.01	35.5
2018-05-01	51.95	53.57	51.51	53.22	34.98
2018-04-01	49.83	52.85	49.83	51.74	34.01
2018-03-01	51.54	53.94	50.22	51	33.52
2018-02-01	53.43	53.43	49.26	52.12	34.26
2018-01-01	50.16	54.24	50.16	53.58	35.22
2017-12-01	52.23	53.04	49.47	49.54	30.42
2017-11-01	51.54	52.41	51.1	52.41	32.18
2017-10-01	49.68	51.43	49.68	51.43	31.58
2017-09-01	48.89	49.6	48.57	49.6	30.46
2017-08-01	48.88	48.88	47.66	48.81	29.97
2017-07-01	47.12	49.29	47.12	48.8	29.97
2017-06-01	47.63	47.97	47.17	47.23	29
2017-05-01	46.56	47.47	46.17	47.37	29.09
2017-04-01	45.37	46.35	44.94	46.34	28.46
2017-03-01	45.59	45.62	44.84	45.45	27.91
2017-02-01	44.04	45.2	44.04	44.99	27.63
2017-01-01	42.41	44.37	42.41	43.95	26.99
2016-12-01	44.27	45.68	42.04	42.04	24.24
2016-11-01	43.08	44.66	42.42	44.53	25.67
2016-10-01	44.03	44.25	43.16	43.27	24.95
2016-09-01	43.53	44.08	42.81	44.08	25.41
2016-08-01	43.2	44.01	42.91	43.47	25.06
2016-07-01	41.6	43.21	41.23	43.21	24.91
2016-06-01	41.84	42.45	39.51	41.4	23.87
2016-05-01	41.27	41.77	40.26	41.77	24.08
2016-04-01	40.48	41.39	39.99	40.91	23.58
2016-03-01	38.73	40.28	38.58	40.24	23.2
2016-02-01	38.24	38.24	35.47	37.79	21.79
2016-01-01	40.51	40.51	36.97	38.19	22.02
2015-12-01	46.16	46.16	41.12	41.29	21.84
2015-11-01	45.69	45.9	44.28	45.66	24.15
2015-10-01	41.87	45.35	41.87	45.18	23.9
2015-09-01	42.14	44.03	40.82	41.73	22.08
2015-08-01	45.69	45.88	41.1	43.31	22.91
2015-07-01	44.92	46.07	43.94	45.78	24.22
2015-06-01	45.54	46.17	44.52	44.73	23.66
2015-05-01	45.28	45.81	44.67	45.47	24.05
2015-04-01	43.93	45.81	43.93	44.83	23.72
2015-03-01	44.86	45.14	43.5	44.12	23.34
2015-02-01	42.59	44.69	42.59	44.5	23.54
2015-01-01	42.65	43.06	41.34	42.17	22.31
2014-12-01	47	47.48	41.74	42.68	20.46
2014-11-01	46.54	47.63	46.27	47.41	22.73
2014-10-01	45.05	46.64	42.76	46.64	22.36
2014-09-01	46.8	46.8	45.67	45.75	21.93
2014-08-01	44.61	46.7	44.29	46.7	22.39
2014-07-01	45.98	46.29	44.78	44.78	21.47
2014-06-01	44.51	45.55	44.51	45.55	21.84
2014-05-01	43.13	44.48	42.77	44.45	21.31
2014-04-01	43.92	44.01	41.74	42.94	20.59
2014-03-01	43.94	44.66	42.94	43.4	20.81
2014-02-01	41.15	44.38	41.15	44.35	21.26
2014-01-01	42.67	43.6	41.85	42.12	20.19
2013-12-01	44.58	44.63	41.96	43	19.27
2013-11-01	43.63	44.69	42.79	44.69	20.03
2013-10-01	42.4	43.98	41.09	43.61	19.54
2013-09-01	40.32	42.55	40.32	42.01	18.82
2013-08-01	41.24	41.34	39.79	39.93	17.89
2013-07-01	38.71	40.85	38.67	40.6	18.19
2013-06-01	39.06	39.34	37.45	38.46	17.23
2013-05-01	37.63	39.88	37.63	39.01	17.48
2013-04-01	37.09	37.93	36.52	37.93	17
2013-03-01	36.21	37.29	36.21	37.29	16.71
2013-02-01	36.28	36.51	35.49	36.09	16.17
2013-01-01	35.16	36.21	35.09	35.89	16.08
2012-12-01	34	34.96	33.8	34.35	15.27
2012-11-01	33.81	34.14	32.49	34.14	15.17
2012-10-01	33.97	34.41	33.3	33.44	14.86
2012-09-01	32.76	34.49	32.71	33.86	15.05
2012-08-01	31.75	32.99	31.58	32.8	14.58
2012-07-01	31.64	32.07	30.81	31.81	14.14
2012-06-01	29.81	31.54	29.81	31.54	14.02
2012-05-01	33	33	30.09	30.59	13.6
2012-04-01	33.18	33.18	31.75	32.86	14.61
2012-03-01	32.39	33.13	31.42	32.92	14.63
2012-02-01	31.04	32.34	31.04	32.15	14.29
2012-01-01	29.31	30.85	29.31	30.79	13.69
2011-12-01	29.32	29.5	27.89	28.73	12.67
2011-11-01	28.75	30.01	27.25	29.3	12.92
2011-10-01	25.9	30.21	25.9	29.46	12.99
2011-09-01	28.94	29.14	26.67	26.67	11.76
2011-08-01	31.21	31.21	26.91	29.23	12.89
2011-07-01	32.25	32.59	31.38	31.38	13.84
2011-06-01	31.67	31.83	30.33	31.83	14.04
2011-05-01	32.9	32.9	31.53	32.37	14.27
2011-04-01	32.23	32.93	31.44	32.93	14.52
2011-03-01	31.53	32.15	30.28	32.05	14.13
2011-02-01	31.45	32.33	31.41	32	14.11
2011-01-01	30.74	31.25	30.62	30.96	13.65
2010-12-01	29.47	30.46	29.47	30.44	13.32
2010-11-01	29.05	30.01	28.83	28.86	12.62
2010-10-01	27.97	29	27.75	29	12.69
2010-09-01	26.19	27.92	26.19	27.83	12.17
2010-08-01	27.24	27.3	25.46	25.53	11.17
2010-07-01	25.08	27.03	25	26.7	11.68
2010-06-01	25.91	27.08	25.14	25.14	11
2010-05-01	28.93	28.93	25.79	26.33	11.52
2010-04-01	28.71	29.43	28.58	28.66	12.54
2010-03-01	27.2	28.5	27.2	28.47	12.45
2010-02-01	26.52	27.08	25.73	26.9	11.77
2010-01-01	27.79	28.1	26.12	26.12	11.43
2009-12-01	27.25	27.57	26.78	27.33	11.86
2009-11-01	25.55	27.31	25.55	26.82	11.64
2009-10-01	25.36	27.05	25.25	25.41	11.03
2009-09-01	24.49	26.34	24.49	26.02	11.29
2009-08-01	24.83	25.18	24.16	24.93	10.82
2009-07-01	23.06	24.43	21.99	24.43	10.6
2009-06-01	23.54	23.66	22.26	22.95	9.96
2009-05-01	21.68	22.99	21.68	22.99	9.98
2009-04-01	19.98	21.57	19.98	21.57	9.36
2009-03-01	17.35	20.43	17.01	19.66	8.53
2009-02-01	19.34	20.47	18.11	18.11	7.86
2009-01-01	21.12	21.45	18.76	19.36	8.4
2008-12-01	18.84	20.98	18.84	20.48	8.79
2008-11-01	22.14	23.06	17.41	20.39	8.75
2008-10-01	26.74	26.74	19.48	22.23	9.54
2008-09-01	30.22	30.22	25.94	26.95	11.56
2008-08-01	30.43	30.97	30.07	30.61	13.13
2008-07-01	31.7	31.7	29.99	30.63	13.14
2008-06-01	33.76	34.14	31.67	31.72	13.61
2008-05-01	33.28	34.35	33.28	33.93	14.56
2008-04-01	32.15	33.23	31.79	32.93	14.13
2008-03-01	31.73	31.84	30.33	31.33	13.44
2008-02-01	32.49	32.6	31.13	31.76	13.63
2008-01-01	33.74	33.8	30.66	32.05	13.75
2007-12-01	36.44	37.39	33.39	34.01	13.6
2007-11-01	37.56	38.12	35.29	36.62	14.65
2007-10-01	37.9	38.38	37.11	38.38	15.35
2007-09-01	36.19	37.49	35.49	37.49	14.99
2007-08-01	35.42	36.15	33.98	35.77	14.31
2007-07-01	36.27	37.3	35.24	35.34	14.13
2007-06-01	36.19	36.38	35.28	35.9	14.36
2007-05-01	34.68	35.95	34.68	35.95	14.38
2007-04-01	33.39	35.05	33.39	34.62	13.85
2007-03-01	32.77	33.61	32.04	33.33	13.33
2007-02-01	33.54	33.87	32.76	32.88	13.15
2007-01-01	32.81	33.37	32.68	33.36	13.34
2006-12-01	34.15	34.62	32.72	32.87	12.62
2006-11-01	33.12	34.31	33.12	34.27	13.16
2006-10-01	32.06	33.6	31.98	33.37	12.82
2006-09-01	32.09	32.26	31.43	32.16	12.35
2006-08-01	31.19	31.93	31.02	31.93	12.26
2006-07-01	31.92	31.92	30.45	31.35	12.04
2006-06-01	31.89	32.03	29.95	31.7	12.18
2006-05-01	32.78	33.4	31.17	31.57	12.13
2006-04-01	32.31	33.05	32.25	32.78	12.59
2006-03-01	31.93	32.35	31.19	32.21	12.37
2006-02-01	32.32	32.32	31.31	31.59	12.13
2006-01-01	31.42	32.46	31.42	32.42	12.45
2005-12-01	31.07	31.6	30.82	30.86	11.7
2005-11-01	29.3	30.97	29.3	30.61	11.6
2005-10-01	29.79	29.79	28.44	29.25	11.09
2005-09-01	29.56	29.96	29.38	29.77	11.28
2005-08-01	29.34	29.71	29.03	29.51	11.18
2005-07-01	27.89	29.37	27.89	29.22	11.07
2005-06-01	27.62	28.27	27.58	27.84	10.55
2005-05-01	26.34	27.51	26.29	27.41	10.39
2005-04-01	26.81	27.13	25.97	26.2	9.93
2005-03-01	27.36	27.76	26.53	26.88	10.19
2005-02-01	26.83	27.53	26.79	27.27	10.34
2005-01-01	27.09	27.09	26.26	26.71	10.12
2004-12-01	26.92	27.39	26.6	27.38	10.34
2004-11-01	25.55	26.81	25.55	26.64	10.06
2004-10-01	25.46	25.66	24.82	25.56	9.65
2004-09-01	24.51	25.28	24.51	25.06	9.47
2004-08-01	24.68	24.68	23.56	24.43	9.23
2004-07-01	25.41	25.41	24.15	24.62	9.3
2004-06-01	25.36	25.69	25.11	25.66	9.69
2004-05-01	25.21	25.36	24.32	25.33	9.57
2004-04-01	25.57	26.03	25.01	25.01	9.45
2004-03-01	25.96	26	24.52	25.39	9.59
2004-02-01	25.19	25.83	24.97	25.66	9.69
2004-01-01	24.57	25.84	24.57	25.19	9.52
2003-12-01	23.82	24.54	23.36	24.54	9.27
2003-11-01	23.46	23.61	22.96	23.61	8.92
2003-10-01	22.24	23.29	22.24	23.25	8.78
2003-09-01	22.66	22.94	21.88	21.88	8.26
2003-08-01	21.45	22.49	21.01	22.49	8.49
2003-07-01	21.22	21.98	21.22	21.57	8.15
2003-06-01	20.91	21.74	20.91	21.11	7.97
2003-05-01	19.52	20.84	19.52	20.84	7.87
2003-04-01	18.15	19.55	18.15	19.49	7.36
2003-03-01	17.84	18.87	17.15	18.01	6.8
2003-02-01	18.11	18.11	17.27	17.96	6.78
2003-01-01	18.99	19.57	17.97	18.1	6.84
2002-12-01	20.07	20.07	18.39	18.47	6.97
2002-11-01	19.01	20.01	18.57	20.01	7.55
2002-10-01	17.74	18.87	16.37	18.67	7.04
2002-09-01	17.96	18.83	17.2	17.29	6.52
2002-08-01	17.91	19.59	17.01	18.57	7.01
2002-07-01	19.53	19.89	17.08	18.38	6.93
2002-06-01	21.37	21.45	19.66	20.02	7.55
2002-05-01	22.28	22.58	21.42	21.87	8.25
2002-04-01	23.46	23.46	21.91	22.11	8.34
2002-03-01	22.95	23.9	22.95	23.41	8.83
2002-02-01	22.93	22.93	21.99	22.39	8.45
2002-01-01	23.76	24.13	22.71	23.06	8.7
2001-12-01	23.25	24.38	23.25	23.71	8.93
2001-11-01	21.87	23.67	21.87	23.43	8.82
2001-10-01	20.08	22.23	20.08	21.39	8.05
2001-09-01	23.02	23.02	19.19	20.23	7.62
2001-08-01	25.09	25.27	23.07	23.2	8.74
2001-07-01	25.57	25.57	23.7	24.79	9.33
2001-06-01	25.79	26.61	24.54	25.48	9.59
2001-05-01	26.01	27.27	25.29	25.64	9.65
2001-04-01	22.65	25.88	21.75	25.64	9.65
2001-03-01	25.49	25.81	23.04	23.26	8.76
2001-02-01	28.27	28.27	25.34	25.34	9.54
2001-01-01	26.3	28.57	26.3	28.32	10.66
2000-12-01	30.89	32.88	25.85	27.08	8.83
2000-11-01	33.66	34.07	30.62	30.62	9.99
2000-10-01	34.25	34.25	31.4	33.75	11.01
2000-09-01	36.13	36.13	34.28	34.46	11.24
2000-08-01	33.72	35.91	33.68	35.91	11.71
2000-07-01	34.12	35.38	33.1	33.55	10.94
2000-06-01	32.73	34.74	32.73	33.82	11.03
2000-05-01	33.13	33.13	30.41	31.86	10.39
2000-04-01	33.25	34.64	29.56	32.88	10.72
2000-03-01	33.51	35.23	32.44	34.28	11.18
2000-02-01	29.63	33.05	29.63	33.05	10.78
2000-01-01	28.98	30.04	27.38	29.07	9.48
1999-12-01	29.1	30.31	27	29.14	8.46
1999-11-01	27.64	29.84	27.61	28.98	8.42
1999-10-01	26.21	27.78	25.48	27.78	8.07
1999-09-01	26.45	27.59	25.88	26.09	7.58
1999-08-01	26.28	26.94	25.28	26.2	7.61
1999-07-01	26.89	27.7	26.18	26.36	7.66
1999-06-01	24.62	26.67	24.62	26.67	7.75
1999-05-01	24.86	26.05	24.46	24.79	7.2
1999-04-01	23.98	25.31	23.48	24.53	7.13
1999-03-01	23.17	24.32	22.94	23.75	6.9
1999-02-01	24.1	24.18	22.78	23.16	6.73
1999-01-01	22.32	24.15	22.32	24.15	7.02
1998-12-01	22.85	23.83	21.89	22.4	5.88
1998-11-01	21.3	23.01	21.22	22.58	5.93
1998-10-01	18.9	20.91	17.51	20.91	5.49
1998-09-01	18.61	20.49	18.45	19.46	5.11
1998-08-01	21.44	21.44	17.95	17.95	4.71
1998-07-01	21.81	22.69	21.58	21.63	5.68
1998-06-01	20.3	21.64	19.83	21.5	5.64
1998-05-01	21.68	21.81	20.52	20.52	5.38
1998-04-01	21.22	21.64	20.84	21.5	5.64
1998-03-01	20.22	21.01	19.87	20.99	5.51
1998-02-01	19.33	20.38	19.33	20.25	5.31
1998-01-01	18.87	19.03	17.95	19.03	4.99
1997-12-01	20.93	21.14	18.08	18.78	4.4
1997-11-01	21.05	21.18	20.14	20.62	4.84
1997-10-01	21.28	21.77	19.68	20.59	4.83
1997-09-01	20.53	21.47	20.53	21.25	4.98
1997-08-01	20.19	20.67	19.97	20.14	4.72
1997-07-01	18.78	20.19	18.78	20.19	4.73
1997-06-01	18.33	19.1	18.07	18.64	4.37
1997-05-01	17.21	18.37	17.21	18.24	4.28
1997-04-01	16.67	17.11	16.46	17.11	4.01
1997-03-01	17.33	17.75	16.66	16.66	3.91
1997-02-01	17.51	17.79	17.23	17.23	4.04
1997-01-01	16.41	17.56	16.41	17.56	4.12
1996-12-01	17.95	17.98	16.36	16.57	3.67
1996-11-01	16.35	17.79	16.35	17.79	3.94
1996-10-01	16.18	16.65	16.08	16.28	3.61
1996-09-01	15.38	16.28	15.19	16.27	3.61
1996-08-01	15.16	15.61	15.16	15.39	3.41
1996-07-01	16.26	16.26	14.45	14.9	3.3
1996-06-01	16.52	16.59	15.84	16.11	3.57
1996-05-01	16.57	16.75	16.09	16.61	3.68
1996-04-01	15.94	16.57	15.63	16.52	3.66
1996-03-01	15.93	16.17	15.66	15.78	3.5
1996-02-01	15.74	16.42	15.74	15.99	3.54
1996-01-01	15.36	15.67	14.72	15.67	3.47
1995-12-01	16.71	16.93	15.05	15.27	3.25
1995-11-01	16.34	16.78	16.31	16.77	3.57
1995-10-01	16.5	16.58	16.03	16.27	3.47
1995-09-01	16.53	16.95	16.48	16.58	3.53
1995-08-01	16.32	16.79	16.23	16.55	3.52
1995-07-01	15.72	16.49	15.72	16.4	3.49
1995-06-01	14.89	15.98	14.89	15.66	3.34
1995-05-01	14.31	15.02	14.3	14.79	3.15
1995-04-01	13.92	14.37	13.77	14.37	3.06
1995-03-01	13.48	14.08	13.43	13.91	2.96
1995-02-01	12.98	13.5	12.98	13.48	2.87
1995-01-01	12.69	13.1	12.69	12.9	2.75
1994-12-01	13.15	13.31	12.6	12.77	2.66
1994-11-01	13.64	13.66	13.16	13.33	2.77
1994-10-01	13.4	13.73	13.1	13.73	2.86
1994-09-01	13.66	13.78	13.36	13.44	2.8
1994-08-01	13.23	13.88	13.15	13.81	2.87
1994-07-01	12.78	13.16	12.76	13.16	2.74
1994-06-01	13.28	13.33	12.59	12.7	2.64
1994-05-01	13.06	13.19	12.68	13.18	2.74
1994-04-01	12.88	13.22	12.49	12.99	2.7
1994-03-01	13.53	13.97	13.02	13.04	2.71
1994-02-01	13.66	13.74	13.44	13.6	2.83
1994-01-01	13.28	13.72	13.28	13.72	2.85
1993-12-01	13.73	13.79	13.03	13.38	2.73
1993-11-01	14.05	14.05	13.31	13.68	2.79
1993-10-01	13.61	14.08	13.49	13.93	2.84
1993-09-01	13.53	13.76	13.25	13.6	2.77
1993-08-01	12.81	13.57	12.81	13.57	2.77
1993-07-01	12.64	12.82	12.48	12.75	2.6
1993-06-01	12.8	12.84	12.34	12.65	2.58
1993-05-01	12.11	12.78	12.11	12.67	2.58
1993-04-01	12.14	12.14	11.69	12.01	2.45
1993-03-01	12.17	12.53	12.07	12.28	2.5
1993-02-01	12.53	12.65	11.89	12.15	2.48
1993-01-01	12.11	12.57	12.1	12.4	2.53
1992-12-01	12.11	12.32	11.87	12.17	2.47
1992-11-01	11.44	12.13	11.44	12.13	2.46
1992-10-01	11.07	11.44	10.88	11.37	2.31
1992-09-01	11.1	11.62	11.1	11.2	2.27
1992-08-01	11.36	11.36	10.8	11.02	2.24
1992-07-01	11.14	11.3	11.01	11.3	2.29
1992-06-01	11.42	11.42	10.7	10.98	2.23
1992-05-01	11.19	11.44	11.19	11.42	2.32
1992-04-01	11.3	11.47	10.98	11.23	2.28
1992-03-01	11.8	11.82	11.28	11.3	2.29
1992-02-01	11.46	11.84	11.46	11.74	2.38
1992-01-01	11.46	11.9	11.44	11.45	2.33
1991-12-01	11.17	11.47	10.46	11.47	2.31
1991-11-01	11.44	11.57	10.98	10.99	2.21
1991-10-01	11.19	11.5	10.87	11.49	2.32
1991-09-01	11.14	11.18	10.9	11.15	2.25
1991-08-01	11.08	11.22	10.73	11.21	2.26
1991-07-01	10.58	11.04	10.46	11.04	2.22
1991-06-01	11.25	11.27	10.34	10.41	2.1
1991-05-01	10.91	11.23	10.7	11.23	2.26
1991-04-01	10.65	11.29	10.65	10.77	2.17
1991-03-01	10.68	10.95	10.49	10.76	2.17
1991-02-01	9.87	10.57	9.87	10.57	2.13
1991-01-01	8.97	9.82	8.63	9.82	1.98
1990-12-01	9.39	9.62	8.84	9.01	1.79
1990-11-01	8.57	9.31	8.57	9.31	1.85
1990-10-01	8.96	9.02	8.35	8.56	1.7
1990-09-01	9.25	9.29	8.61	8.71	1.73
1990-08-01	10.19	10.19	8.74	9.22	1.83
1990-07-01	10.68	10.93	10.2	10.2	2.03
1990-06-01	10.84	10.93	10.4	10.57	2.1
1990-05-01	9.86	10.77	9.86	10.76	2.14
1990-04-01	9.91	10.1	9.75	9.81	1.95
1990-03-01	9.71	10.07	9.71	9.95	1.98
1990-02-01	9.5	9.73	9.48	9.69	1.93
1990-01-01	10.22	10.23	9.32	9.47	1.88
1989-12-01	11.48	11.51	9.72	10.09	1.98
1989-11-01	11.44	11.47	11.18	11.41	2.24
1989-10-01	11.79	12.13	11.24	11.39	2.24
1989-09-01	11.59	11.7	11.41	11.7	2.3
1989-08-01	11.2	11.56	11.17	11.53	2.26
1989-07-01	10.68	11.2	10.68	11.2	2.2
1989-06-01	10.76	10.94	10.64	10.64	2.09
1989-05-01	10.23	10.71	10.22	10.71	2.1
1989-04-01	9.67	10.23	9.64	10.23	2.01
1989-03-01	9.37	9.75	9.37	9.61	1.89
1989-02-01	9.51	9.61	9.31	9.38	1.84
1989-01-01	8.71	9.47	8.71	9.47	1.86
1988-12-01	8.88	9.03	8.53	8.76	1.71
1988-11-01	9.05	9.05	8.57	8.84	1.72
1988-10-01	9.06	9.18	8.98	9.04	1.76
1988-09-01	8.6	9.12	8.6	9.09	1.77
1988-08-01	9.04	9.05	8.57	8.71	1.7
1988-07-01	9.21	9.28	8.87	9.05	1.76
1988-06-01	8.87	9.23	8.83	9.23	1.8
1988-05-01	8.75	8.8	8.34	8.7	1.69
1988-04-01	8.54	8.99	8.54	8.73	1.7
1988-03-01	8.63	8.95	8.54	8.61	1.68
1988-02-01	8.04	8.67	7.97	8.67	1.69
1988-01-01	7.99	8.12	7.61	8.03	1.56
1987-12-01	7.53	7.82	7.05	7.78	1.51
1987-11-01	8.26	8.28	7.51	7.51	1.46
1987-10-01	10.51	10.67	7.22	8.18	1.59
1987-09-01	10.39	10.39	10.04	10.35	2
1987-08-01	10.23	10.8	10.22	10.61	2.05
1987-07-01	9.87	10.31	9.87	10.31	1.99
1987-06-01	9.76	10.14	9.71	9.89	1.91
1987-05-01	9.47	9.76	9.27	9.76	1.89
1987-04-01	9.6	9.9	9.26	9.47	1.83
1987-03-01	9.65	9.91	9.51	9.6	1.86
1987-02-01	9.13	9.71	9.13	9.68	1.87
1987-01-01	8.01	8.95	8.01	8.95	1.73
1986-12-01	7.96	8.18	7.88	7.88	1.52
1986-11-01	7.97	7.98	7.67	7.98	1.54
1986-10-01	8.08	8.18	7.62	7.92	1.52
1986-09-01	8.46	8.58	7.82	8.01	1.53
1986-08-01	8.1	8.61	8.06	8.57	1.64
1986-07-01	8.89	8.91	8.12	8.12	1.56
1986-06-01	8.83	8.89	8.59	8.89	1.7
1986-05-01	8.5	8.9	8.44	8.9	1.71
1986-04-01	8.27	8.65	8.03	8.49	1.63
1986-03-01	7.94	8.37	7.94	8.37	1.6
1986-02-01	7.46	7.97	7.46	7.97	1.53
1986-01-01	7.22	7.4	7.13	7.4	1.42
1985-12-01	6.97	7.31	6.97	7.26	1.39
1985-11-01	6.58	6.99	6.58	6.99	1.34
1985-10-01	6.91	6.91	6.18	6.55	1.24
1985-09-01	7.2	7.2	6.83	6.83	1.3
1985-08-01	7.41	7.41	7.14	7.25	1.38
1985-07-01	7.23	7.49	7.2	7.36	1.4
1985-06-01	7.05	7.21	6.91	7.21	1.37
1985-05-01	6.7	7.18	6.7	7.03	1.34
1985-04-01	6.83	6.84	6.66	6.75	1.28
1985-03-01	6.91	6.91	6.57	6.81	1.29
1985-02-01	6.87	7.05	6.78	6.85	1.3
1985-01-01	6.13	6.91	6.08	6.9	1.31